0.000000
0.000000
0.000000
0.000000
0.000000
0.000000
0.000000
0.000000
0.000000
0.000000
0.000000
0.000000
0.000000
0.000000
0.000000
0.000000
0.000000
0.000000
0.000000
0.000000
0.000000
0.000000
0.000000
0.000001
0.000005
0.000017
0.000058
0.000177
0.000487
0.001210
0.002718
0.005504
0.009997
0.016150
0.022850
0.027499
0.026345
0.016081
-0.003450
-0.026916
-0.043844
-0.043316
-0.021694
0.011677
0.036948
0.036011
0.007422
-0.028808
-0.044162
-0.024798
0.014638
0.041112
0.030982
-0.008188
-0.041950
-0.038031
0.002759
0.042298
0.038672
-0.007792
-0.047092
-0.032768
0.018327
0.041993
0.010935
-0.026765
-0.019083
0.011362
0.008879
-0.017169
-0.008119
0.031347
0.026563
-0.033235
-0.053694
0.011267
0.064427
0.017537
-0.053861
-0.033817
0.034811
0.030256
-0.028462
-0.023293
0.036008
0.028022
-0.044238
-0.046553
0.036397
0.061738
-0.015173
-0.060718
-0.005215
0.043494
0.009167
-0.027569
-0.001902
0.020232
-0.010437
-0.030775
