0.000000
0.000000
0.000000
0.000000
0.000000
0.000000
0.000000
0.000000
0.000000
0.000000
0.000000
0.000000
0.000000
0.000000
0.000000
0.000000
0.000000
0.000000
0.000000
0.000000
0.000000
0.000000
0.000000
0.000001
0.000002
0.000008
0.000026
0.000080
0.000217
0.000536
0.001190
0.002381
0.004262
0.006768
0.009378
0.010979
0.010079
0.005530
-0.002393
-0.011220
-0.016762
-0.015258
-0.006317
0.005549
0.012857
0.010272
-0.000602
-0.011312
-0.012846
-0.003646
0.008145
0.011544
0.003274
-0.008406
-0.011529
-0.002840
0.008310
0.009747
-0.000009
-0.009764
-0.008266
0.002602
0.009824
0.004785
-0.006171
-0.009449
-0.001069
0.008238
0.006595
-0.003658
-0.009070
-0.002711
0.006928
0.006969
-0.002565
-0.008450
-0.002915
0.006174
0.006681
-0.002342
-0.008198
-0.002136
0.006204
0.005433
-0.002387
-0.007753
-0.001694
0.007481
0.003753
-0.004148
-0.005220
-0.001595
0.007111
0.004870
-0.008171
-0.003703
0.003466
0.001772
0.005243
-0.006100
