0.000000
0.000000
0.000000
0.000000
0.000000
0.000000
0.000000
0.000000
0.000000
0.000000
0.000000
0.000000
0.000000
0.000000
0.000000
0.000000
0.000000
0.000000
0.000000
0.000003
0.000015
0.000066
0.000254
0.000841
0.002397
0.005852
0.012144
0.021086
0.029646
0.031198
0.018332
-0.009863
-0.040807
-0.051594
-0.027436
0.017456
0.043405
0.022702
-0.024256
-0.044779
-0.015101
0.028467
0.034616
-0.000434
-0.034398
-0.030253
0.009512
0.043091
0.022188
-0.039829
-0.053452
0.019102
0.068918
0.003850
-0.069151
-0.020518
0.054294
0.018133
-0.037537
0.001064
0.025928
-0.032189
-0.026966
0.059823
0.034438
-0.075659
-0.041188
0.074265
0.036411
-0.062637
-0.020674
0.047181
-0.000726
-0.035194
0.015256
0.024816
-0.018098
-0.015656
0.007323
0.002241
0.001328
-0.002324
-0.021455
-0.009492
0.006770
-0.024779
-0.025918
0.029630
0.022181
-0.028381
0.007282
0.054969
0.007193
-0.028923
0.000117
-0.009608
-0.032464
0.015438
0.047304
0.005513
