0.000000
0.000000
0.000000
0.000000
0.000000
0.000000
0.000000
0.000000
0.000000
0.000000
0.000000
0.000000
0.000000
0.000000
0.000000
0.000000
0.000000
0.000000
0.000000
0.000000
0.000000
0.000000
0.000000
0.000000
0.000000
0.000000
0.000000
0.000000
0.000000
0.000000
0.000000
0.000000
0.000000
0.000001
0.000002
0.000005
0.000013
0.000030
0.000068
0.000146
0.000300
0.000586
0.001087
0.001917
0.003210
0.005096
0.007653
0.010835
0.014384
0.017763
0.020133
0.020443
0.017654
0.011099
0.000902
-0.011680
-0.024199
-0.033381
-0.035991
-0.030018
-0.015800
0.003417
0.021962
0.033369
0.032797
0.019341
-0.002847
-0.025464
-0.039037
-0.036989
-0.019048
0.007819
0.031844
0.041595
0.031615
0.005714
-0.024116
-0.043138
-0.041274
-0.018690
0.013629
0.039107
0.044190
0.025826
-0.006460
-0.035386
-0.045281
-0.030836
-0.000213
0.029489
0.041913
0.030728
0.003080
-0.024822
-0.037358
-0.028531
-0.004933
0.018913
0.029598
0.022561
