0.000000
0.000000
0.000000
0.000000
0.000000
0.000000
0.000000
0.000000
0.000000
0.000000
0.000000
0.000000
0.000000
0.000000
0.000000
0.000000
0.000000
0.000000
0.000000
0.000000
0.000000
0.000000
0.000000
0.000001
0.000003
0.000011
0.000037
0.000113
0.000309
0.000760
0.001688
0.003375
0.006039
0.009585
0.013272
0.015527
0.014240
0.007789
-0.003424
-0.015901
-0.023713
-0.021552
-0.008885
0.007889
0.018191
0.014495
-0.000897
-0.016022
-0.018153
-0.005111
0.011558
0.016311
0.004570
-0.011907
-0.016254
-0.004006
0.011707
0.013837
0.000060
-0.013976
-0.011825
0.004022
0.014100
0.006158
-0.008954
-0.012339
-0.001410
0.010018
0.009626
-0.002755
-0.013942
-0.007138
0.012262
0.014033
-0.008137
-0.016792
0.003365
0.013533
-0.001988
-0.006577
0.004142
-0.003264
-0.010467
0.012891
0.017976
-0.021706
-0.024940
0.027762
0.027908
-0.031437
-0.026165
0.031718
0.018808
-0.029444
-0.008098
0.024173
-0.004019
-0.017408
0.013536
0.009430
